100118 point100118  60.4283600   22.8402300 1.000
100120 point100120  60.4351500   22.9691400 1.000
100122 point100122  60.4172900   23.1063200 1.000
100124 point100124  60.4074000   23.2112300 1.000
100126 point100126  60.2054700   19.5665100 1.000
100127 point100127  60.4425400   21.0728700 1.000
100128 point100128  60.4185200   23.1570200 1.000
100132 point100132  60.3886700   23.2919200 1.000
100134 point100134  60.3813100   23.7488800 1.000
100135 point100135  60.3720100   23.6641100 1.000
100136 point100136  60.3807300   23.5755900 1.000
100137 point100137  60.3692800   23.4118500 1.000
100116 point100116  60.4237000   22.6830200 1.000
100139 point100139  60.4986300   22.4251700 1.000
100140 point100140  60.3675900   22.3586000 1.000
100141 point100141  60.5448500   26.9863500 1.000
100142 point100142  60.5694400   27.0881500 1.000
100143 point100143  61.4911600   28.2546000 1.000
999998 point999998  61.6772700   27.2472800 1.000
100145 point100145  61.8290100   29.2175200 1.000
100146 point100146  60.5009900   26.8825500 1.000
100147 point100147  60.4956300   26.8063000 1.000
100148 point100148  60.5160300   26.9309400 1.000
100149 point100149  60.4972000   26.8590000 1.000
100151 point100151  61.0742800   27.0590600 1.000
100152 point100152  61.0384400   28.3635300 1.000
100153 point100153  60.5814000   27.1411000 1.000
100154 point100154  60.4636100   26.9176700 1.000
100157 point100157  61.3994300   26.3863800 1.000
100164 point100164  61.1367000   28.0885700 1.000
100165 point100165  61.5882200   27.6226200 1.000
100166 point100166  61.8683300   28.8994300 1.000
100167 point100167  60.5637700   27.3956200 1.000
100169 point100169  60.9064300   25.6087000 1.000
100170 point100170  61.2205900   25.3545000 1.000
100171 point100171  60.9442300   23.3241300 1.000
100172 point100172  60.9641700   24.4791200 1.000
100173 point100173  61.5015900   23.4251900 1.000
100174 point100174  61.4084100   23.7650400 1.000
100231 point100231  61.0718100   28.3100000 1.000
100232 point100232  60.9111600   26.1859300 1.000
100233 point100233  60.4876000   26.6544000 1.000
100234 point100234  60.5867900   27.7248400 1.000
100235 point100235  60.6249600   26.9214800 1.000
100236 point100236  60.7773900   27.3500100 1.000
100237 point100237  60.7650000   27.9801900 1.000
100238 point100238  61.1688800   27.7457400 1.000
100239 point100239  60.8866300   26.8587500 1.000
100227 point100227  61.2390400   28.8669800 1.000
100230 point100230  60.9341500   27.6598500 1.000
100229 point100229  61.3079200   27.3934000 1.000
100245 point100245  61.1718500   27.7408800 1.000
100248 point100248  61.0886600   25.9033500 1.000
100249 point100249  61.4499400   26.6992800 1.000
100250 point100250  61.8186900   27.6283400 1.000
100251 point100251  61.4038500   26.0458400 1.000
100252 point100252  62.0593400   27.8099900 1.000
100253 point100253  61.9401900   28.5279600 1.000
100254 point100254  61.2814700   27.1646400 1.000
100255 point100255  62.5335800   28.9199700 1.000
100256 point100256  62.2908100   27.3986000 1.000
100257 point100257  61.8845800   26.9587300 1.000
100258 point100258  62.6447500   29.7835300 1.000
100259 point100259  61.7973100   29.7311800 1.000
100260 point100260  62.6622000   29.1488200 1.000
100261 point100261  63.1876000   30.1470300 1.000
100262 point100262  62.2384100   30.1040300 1.000
100263 point100263  63.2166300   29.3020600 1.000
100264 point100264  63.6286000   28.9108100 1.000
100265 point100265  62.5830300   30.7028400 1.000
100266 point100266  62.6304900   29.6042500 1.000
100268 point100268  62.1787100   30.5256100 1.000
100269 point100269  62.6325200   29.3408800 1.000
100271 point100271  62.4008100   30.0901700 1.000
100272 point100272  62.7971100   30.1001000 1.000
100273 point100273  62.9300100   31.2779600 1.000
100274 point100274  62.0542000   29.6112000 1.000
100275 point100275  62.6142200   29.7808600 1.000
100276 point100276  63.8240800   29.4574000 1.000
100281 point100281  63.5235900   29.9955200 1.000
100282 point100282  63.2836400   30.5323400 1.000
100283 point100283  62.3455400   30.8502600 1.000
100285 point100285  62.8411800   27.6068700 1.000
100286 point100286  62.3829200   27.8084600 1.000
100287 point100287  63.3095400   27.4513400 1.000
100288 point100288  63.6661300   27.2853200 1.000
100175 point100175  61.1629600   24.0570800 1.000
100176 point100176  60.8262800   24.0000000 1.000
100177 point100177  60.7060500   24.7373500 1.000
100178 point100178  61.0096000   25.2219300 1.000
100179 point100179  61.1594900   24.6818100 1.000
100180 point100180  61.3111200   24.2910600 1.000
100181 point100181  61.6451000   24.2193000 1.000
100182 point100182  62.0210400   24.0167600 1.000
100183 point100183  62.2407600   23.8025300 1.000
100184 point100184  61.4975400   23.8979400 1.000
100185 point100185  61.5077000   23.6995400 1.000
100186 point100186  61.1141400   23.6385800 1.000
100187 point100187  60.8186800   25.0487200 1.000
100188 point100188  61.9698000   24.6131500 1.000
100189 point100189  61.5771000   23.4754600 1.000
100190 point100190  60.9782600   25.6116200 1.000
100191 point100191  60.9885000   25.7622000 1.000
100192 point100192  61.2553200   23.8360900 1.000
100193 point100193  61.1400000   24.0664100 1.000
100194 point100194  61.4526400   23.6360200 1.000
100195 point100195  61.5497900   24.0717200 1.000
100196 point100196  61.7087600   24.4759000 1.000
100197 point100197  61.7314500   24.7092000 1.000
100083 point100083  61.7885000   22.9958300 1.000
100093 point100093  61.3679100   23.1171900 1.000
100086 point100086  62.1157800   23.0094500 1.000
100226 point100226  60.7852300   26.4927700 1.000
100228 point100228  61.6483900   29.5864400 1.000
100002 point100002  60.2280500   24.5964100 1.000
100003 point100003  60.1661200   24.8909000 1.000
100004 point100004  60.3122000   24.2365000 1.000
100005 point100005  60.2515900   25.0645100 1.000
100006 point100006  60.4264000   25.1237500 1.000
100007 point100007  60.4909000   25.9100300 1.000
100008 point100008  60.6387500   23.8925000 1.000
100009 point100009  60.5555800   25.1870600 1.000
100010 point100010  60.7359000   25.4480200 1.000
100011 point100011  60.2814300   25.3249900 1.000
100012 point100012  60.1529700   24.6675400 1.000
100013 point100013  60.0605900   24.0759000 1.000
100014 point100014  59.8564200   23.0219200 1.000
100015 point100015  60.0806900   23.7260300 1.000
100016 point100016  60.2037000   24.0193700 1.000
100017 point100017  60.4588200   24.5277800 1.000
100018 point100018  60.5805400   24.8324600 1.000
100019 point100019  60.3789900   25.5937600 1.000
100020 point100020  60.4964100   24.8520300 1.000
100021 point100021  60.5051700   25.5382600 1.000
100022 point100022  60.4597600   26.1849800 1.000
100023 point100023  60.3897600   24.0327000 1.000
100024 point100024  60.3858800   23.9050400 1.000
100025 point100025  60.2293900   24.9050400 1.000
100026 point100026  60.2708300   24.7702100 1.000
100027 point100027  60.3207000   24.9975800 1.000
100028 point100028  60.6165100   26.1801300 1.000
100030 point100030  60.3264300   24.8260100 1.000
100031 point100031  60.4644300   24.9460100 1.000
100032 point100032  60.2932800   24.3191600 1.000
100034 point100034  60.1640800   24.8524600 1.000
100036 point100036  60.1689700   24.8231200 1.000
100038 point100038  60.2822400   25.0799700 1.000
100039 point100039  60.1138100   24.4010000 1.000
100040 point100040  60.5393100   24.2273400 1.000
100041 point100041  59.9798500   23.3994200 1.000
100042 point100042  60.6171700   25.0923200 1.000
100043 point100043  60.1848500   24.8075800 1.000
100046 point100046  60.6207500   25.8632100 1.000
100052 point100052  60.2619100   24.5037100 1.000
999997 point999997  60.2883270   24.1593750 1.000
100057 point100057  60.6993800   26.3029800 1.000
100058 point100058  60.2413900   25.1532300 1.000
100059 point100059  60.2323400   25.1613300 1.000
100060 point100060  60.2228000   25.1723300 1.000
100061 point100061  60.3277100   24.2753000 1.000
100064 point100064  60.4608000   26.1965000 1.000
100072 point100072  60.2849300   25.0161000 1.000
100073 point100073  60.3549100   24.5380100 1.000
100074 point100074  60.4985700   24.0873400 1.000
100079 point100079  60.9555000   21.5943000 1.000
100080 point100080  61.2783100   21.6938300 1.000
100081 point100081  60.3830800   23.2323800 1.000
100082 point100082  61.2085500   22.4478500 1.000
100084 point100084  60.7379800   21.9264800 1.000
100085 point100085  61.6498100   21.7596400 1.000
100087 point100087  60.7821700   22.8795900 1.000
100088 point100088  60.6916700   23.1294500 1.000
100089 point100089  61.4668500   22.3472100 1.000
100090 point100090  61.8009100   22.2839300 1.000
100091 point100091  60.4687000   22.3745400 1.000
100092 point100092  61.1102600   22.6530200 1.000
100094 point100094  60.1728400   23.1474500 1.000
100095 point100095  60.3205000   22.3435600 1.000
100096 point100096  61.5313300   21.6317700 1.000
100097 point100097  60.5308600   22.1381500 1.000
100098 point100098  60.6254500   21.7431500 1.000
100099 point100099  60.0431100   22.4852000 1.000
100100 point100100  60.8252400   21.5790100 1.000
100101 point100101  61.9436100   21.6244900 1.000
100102 point100102  60.6156400   22.5106300 1.000
100103 point100103  60.5428100   22.6227200 1.000
100104 point100104  61.1373700   22.1772200 1.000
100105 point100105  60.4978500   22.2843700 1.000
100107 point100107  60.3771200   22.9482100 1.000
100108 point100108  60.4164200   22.7666700 1.000
100110 point100110  60.4466600   22.3047000 1.000
100112 point100112  60.4240200   22.4023300 1.000
100114 point100114  60.4458300   22.5348200 1.000
100289 point100289  63.0628900   27.6650800 1.000
100290 point100290  62.8678300   28.3443900 1.000
100291 point100291  63.2322000   26.9488400 1.000
100292 point100292  63.1574100   28.0561600 1.000
100293 point100293  62.5853400   27.0492100 1.000
100294 point100294  63.6143000   26.8433200 1.000
100295 point100295  62.9315700   28.0428100 1.000
100296 point100296  62.9581800   27.8617200 1.000
100297 point100297  62.9425000   27.6697000 1.000
100298 point100298  62.7276500   27.5538200 1.000
100301 point100301  63.9115400   26.7294300 1.000
100302 point100302  63.6066800   27.8006600 1.000
100303 point100303  62.9272100   26.3890900 1.000
100304 point100304  62.8851500   27.6367300 1.000
100307 point100307  62.5896200   27.6049600 1.000
100319 point100319  62.0329400   26.0485900 1.000
100320 point100320  61.9993700   25.5004100 1.000
100321 point100321  62.2716200   25.3937100 1.000
100322 point100322  62.8776900   25.8101400 1.000
100323 point100323  61.6319300   25.2953500 1.000
100324 point100324  62.4200100   25.6937800 1.000
100325 point100325  62.2461700   26.1401300 1.000
100326 point100326  63.2244000   25.6633100 1.000
100327 point100327  62.7783100   25.0985600 1.000
100328 point100328  63.0004200   24.6972700 1.000
100329 point100329  62.3775000   26.5904900 1.000
100330 point100330  62.2455300   24.5620600 1.000
100331 point100331  61.7225100   26.0837200 1.000
100332 point100332  62.2461800   25.7687700 1.000
100333 point100333  62.5732500   25.6520100 1.000
100334 point100334  61.9137200   25.3284100 1.000
100335 point100335  61.8252900   25.0626100 1.000
100336 point100336  62.6938700   25.7671700 1.000
100337 point100337  62.3639300   25.6999900 1.000
100338 point100338  62.3046000   26.4725300 1.000
100339 point100339  62.1797100   25.6815200 1.000
100340 point100340  63.4229300   25.6412300 1.000
100341 point100341  62.8070000   25.8074200 1.000
100344 point100344  62.0678000   21.5308200 1.000
100345 point100345  62.4782300   21.4386700 1.000
100346 point100346  63.1396600   21.7618800 1.000
100347 point100347  63.2563100   22.2823300 1.000
100348 point100348  63.6393200   22.8201800 1.000
100349 point100349  63.8608900   23.2741900 1.000
100350 point100350  62.3910100   22.7985700 1.000
100351 point100351  62.7872400   22.2817600 1.000
100352 point100352  62.4489300   23.6260700 1.000
100353 point100353  62.9399200   23.0381700 1.000
100354 point100354  63.0013600   21.8988400 1.000
100355 point100355  62.7479400   21.6414900 1.000
100356 point100356  63.0197500   23.6787600 1.000
100357 point100357  62.7954200   22.7787400 1.000
100358 point100358  63.6009000   23.4641900 1.000
100359 point100359  62.1162300   22.2454500 1.000
100360 point100360  62.4810000   22.2810000 1.000
100361 point100361  62.6117400   23.8999200 1.000
100362 point100362  63.3346200   23.5154500 1.000
100363 point100363  63.8055500   22.7827000 1.000
100364 point100364  63.2890400   22.7990200 1.000
100365 point100365  63.2066800   21.4732700 1.000
100366 point100366  63.4621000   22.5885900 1.000
100367 point100367  64.0420500   23.6388100 1.000
100368 point100368  62.9725900   22.6398200 1.000
100369 point100369  62.2664600   21.4795500 1.000
100370 point100370  62.9514000   21.7623500 1.000
100371 point100371  63.6709200   22.9144100 1.000
100372 point100372  62.6107400   21.2234500 1.000
100374 point100374  63.6556600   24.0092700 1.000
100375 point100375  62.4962900   21.8054900 1.000
100377 point100377  62.6859400   22.4859400 1.000
100378 point100378  62.5923400   23.4676100 1.000
100379 point100379  62.5876400   22.7530400 1.000
100382 point100382  63.1591500   22.0087800 1.000
100383 point100383  62.9897100   22.3156400 1.000
100384 point100384  62.7712300   23.5278900 1.000
100385 point100385  64.3372300   23.9586000 1.000
100386 point100386  63.9012100   23.8863400 1.000
100387 point100387  64.0029100   24.7441800 1.000
100388 point100388  64.3094500   24.9116200 1.000
100389 point100389  63.7114200   25.9175400 1.000
100390 point100390  63.5208800   24.6692500 1.000
100391 point100391  63.4251800   23.9242700 1.000
100392 point100392  64.9473500   25.5320500 1.000
100393 point100393  64.6863100   24.5615800 1.000
100394 point100394  64.2815800   25.8757400 1.000
100395 point100395  65.5472700   25.2417700 1.000
100396 point100396  65.1893300   26.1914200 1.000
100397 point100397  65.4493400   27.6232200 1.000
100398 point100398  65.8261200   28.8158800 1.000
100400 point100400  63.9892300   26.5522000 1.000
100401 point100401  64.7811700   26.2674200 1.000
100402 point100402  65.6903700   26.6764800 1.000
126779 point126779  64.7170000   24.9509800 1.000
100403 point100403  65.1744700   25.4250200 1.000
100404 point100404  64.6056800   25.2097900 1.000
100405 point100405  64.6573000   25.6159700 1.000
100406 point100406  65.4123700   25.3854000 1.000
100407 point100407  64.0064400   25.7556500 1.000
100408 point100408  64.7848200   25.3584200 1.000
100409 point100409  64.4897400   24.3252300 1.000
100410 point100410  65.0205900   25.5060800 1.000
100411 point100411  63.8133200   25.2372000 1.000
100413 point100413  64.8157300   25.4862400 1.000
100416 point100416  65.0343300   24.7761200 1.000
100417 point100417  65.0045100   25.5075300 1.000
100419 point100419  66.0134400   29.1446100 1.000
100420 point100420  65.0523500   25.5986400 1.000
100424 point100424  64.8841100   25.8404500 1.000
100426 point100426  64.1139700   26.9617800 1.000
100427 point100427  64.1422800   27.9970200 1.000
100428 point100428  64.5764100   28.4036400 1.000
100429 point100429  64.5336100   27.2411400 1.000
100430 point100430  65.1467600   28.9395000 1.000
100431 point100431  65.0336300   27.7016600 1.000
100432 point100432  64.0849300   29.1048100 1.000
100433 point100433  63.9956900   27.4053800 1.000
100434 point100434  65.0782200   25.4400100 1.000
100435 point100435  64.3157500   28.0386100 1.000
100436 point100436  64.7867100   28.8436000 1.000
100437 point100437  65.2755800   26.8473100 1.000
100438 point100438  64.4334800   29.3345100 1.000
100439 point100439  65.4258000   29.0379000 1.000
100440 point100440  65.8078500   24.4577500 1.000
100441 point100441  66.2523300   25.3388100 1.000
100442 point100442  68.4565600   27.4251200 1.000
100443 point100443  67.0694100   26.5454000 1.000
100444 point100444  66.5107800   23.7901200 1.000
100445 point100445  66.5523500   28.1059200 1.000
100446 point100446  67.9899600   26.8883400 1.000
100447 point100447  66.0008600   24.6897700 1.000
100448 point100448  66.5475100   25.8459200 1.000
100449 point100449  65.9667600   24.0589400 1.000
100450 point100450  67.0032500   24.0488400 1.000
100451 point100451  66.1571500   26.2471300 1.000
100452 point100452  66.6760100   26.6454200 1.000
100453 point100453  66.6446300   24.8468900 1.000
100454 point100454  67.2001200   24.9268500 1.000
100455 point100455  69.4448300   27.2405300 1.000
100456 point100456  67.1923000   27.4373800 1.000
100458 point100458  68.8065500   21.2521100 1.000
100459 point100459  65.7894100   24.5321700 1.000
100460 point100460  65.8253700   24.4083100 1.000
100462 point100462  65.8356400   24.2624800 1.000
100465 point100465  65.8339500   28.0866500 1.000
100466 point100466  70.0884100   27.9412400 1.000
100467 point100467  67.5639100   24.1783200 1.000
100470 point100470  66.5381200   25.7850300 1.000
999994 point999994  66.5054470   25.7280660 1.000
100475 point100475  60.3734600   23.3568600 1.000
100477 point100477  60.3804900   23.4779000 1.000
100479 point100479  60.3911700   23.5713000 1.000
100481 point100481  60.3762400   23.7257500 1.000
100483 point100483  60.3285500   23.9364200 1.000
100485 point100485  60.3127100   24.0019500 1.000
100487 point100487  59.9822000   23.4386000 1.000
126863 point126863  60.2225700   24.8184300 1.000
127166 point127166  64.2889900   27.9471500 1.000
127167 point127167  64.1627000   27.5245400 1.000
100822 point100822  63.1388000   22.8683600 1.000
100602 point100602  65.5923300   28.3005100 1.000
100604 point100604  65.7213200   29.1515600 1.000
102061 point102061  61.0367700   28.1262600 1.000
102109 point102109  62.7089100   22.8241700 1.000
102110 point102110  63.0373200   24.2478100 1.000
102111 point102111  63.1705800   23.8195800 1.000
102089 point102089  65.7249300   24.5735300 1.000
102091 point102091  65.6841000   24.6245200 1.000
126759 point126759  63.0709300   21.6966000 1.000
126861 point126861  60.2265300   24.8251900 1.000
127836 point127836  62.3745700   28.1545100 1.000
104603 point104603  60.3645900   25.2615200 1.000
104601 point104601  60.2620300   25.1663300 1.000
104602 point104602  60.3147900   25.4098300 1.000
104617 point104617  64.6500400   29.1957200 1.000
126882 point126882  64.3952100   25.7975400 1.000
127859 point127859  62.5240600   28.4641500 1.000
100615 point100615  63.7674000   24.2450800 1.000
100618 point100618  68.2874300   23.0796600 1.000
100619 point100619  67.0430700   27.2142200 1.000
100638 point100638  61.8793100   28.8541900 1.000
100623 point100623  62.9468500   27.6712300 1.000
100634 point100634  60.6305100   27.2162900 1.000
100636 point100636  62.1592400   26.3187000 1.000
100646 point100646  62.6114700   29.7862600 1.000
100647 point100647  63.0902200   30.3598700 1.000
100648 point100648  62.9693100   23.0496700 1.000
971523 point971523  60.4955000   26.4402900 1.000
971530 point971530  60.5001300   26.7016800 1.000
156196 point156196  61.4773800   23.7742800 1.000
156189 point156189  63.4748100   29.6236700 1.000
156191 point156191  61.8699000   28.9076700 1.000
156193 point156193  61.9743700   29.8678400 1.000
156194 point156194  62.7435100   22.6267600 1.000
156195 point156195  61.7993600   28.3184700 1.000
156198 point156198  61.1571700   21.5844300 1.000
156200 point156200  63.1673900   24.5222900 1.000
100399 point100399  66.3052600   28.8988600 1.000
100457 point100457  67.5317500   23.6288400 1.000
100688 point100688  61.4192600   29.3408200 1.000
100565 point100565  60.5955300   27.2553500 1.000
100568 point100568  60.5007900   26.9968500 1.000
100573 point100573  60.5924000   27.1663800 1.000
100577 point100577  62.9188700   27.6777800 1.000
100766 point100766  62.9640400   27.6969700 1.000
100776 point100776  62.8696200   21.3945700 1.000
100777 point100777  65.6690600   24.9307000 1.000
100109 point100109  60.1699000   21.7959900 1.000
999991 point999991  67.3621700   26.6174000 1.000
